Test Accuracy: 99.90%

              precision    recall  f1-score   support

           A     1.0000    1.0000    1.0000       331
           B     1.0000    1.0000    1.0000       432
           C     1.0000    1.0000    1.0000       310
           D     1.0000    1.0000    1.0000       245
           E     1.0000    1.0000    1.0000       498
           F     1.0000    1.0000    1.0000       247
           G     1.0000    1.0000    1.0000       348
           H     1.0000    1.0000    1.0000       436
           I     0.9763    1.0000    0.9880       288
           K     1.0000    1.0000    1.0000       331
           L     1.0000    1.0000    1.0000       209
           M     1.0000    1.0000    1.0000       394
           N     1.0000    1.0000    1.0000       291
           O     1.0000    1.0000    1.0000       246
           P     1.0000    1.0000    1.0000       347
           Q     1.0000    1.0000    1.0000       164
           R     1.0000    1.0000    1.0000       144
           S     1.0000    1.0000    1.0000       246
           T     1.0000    1.0000    1.0000       248
           U     1.0000    1.0000    1.0000       266
           V     1.0000    1.0000    1.0000       346
           W     1.0000    1.0000    1.0000       206
           X     1.0000    1.0000    1.0000       267
           Y     1.0000    0.9789    0.9893       332

    accuracy                         0.9990      7172
   macro avg     0.9990    0.9991    0.9991      7172
weighted avg     0.9990    0.9990    0.9990      7172
